structure(list(colormap = structure(list(name = "Set1 9", ncolors = 9, 
    type = 3, system = "rgb", backgroundColor = c(0.2, 0.2, 0.2
    ), hiddenColor = c(0.5, 0.5, 0.5), accentColor = c(1, 1, 
    1), foregroundColors = list(c(0.596, 0.306, 0.639), c(0.969, 
    0.506, 0.749), c(0.894, 0.102, 0.11), c(0.216, 0.494, 0.722
    ), c(0.302, 0.686, 0.29), c(1, 0.498, 0), c(0.651, 0.337, 
    0.157), c(0.6, 0.6, 0.6), c(1, 1, 0.2))), .Names = c("name", 
"ncolors", "type", "system", "backgroundColor", "hiddenColor", 
"accentColor", "foregroundColors")), title = "", type = "scatterplot", 
    nplots = 1, plots = list(structure(list(type = "scatterplot", 
        projection = "XY Plot", scale = c(0.7, 0.7), tformLims = structure(c(2.857, 
        0, -2.866, 0), .Names = c("xmin", "xmax", "ymin", "ymax"
        )), planarLims = structure(c(-23501, 23501, 23426, -23569
        ), .Names = c("xmin", "xmax", "ymin", "ymax")), points = structure(list(
            index = c(0, 1, 2, 3, 4, 5, 6, 7, 8, 9, 10, 11, 12, 
            13, 14, 15, 16, 17, 18, 19, 20, 21, 22, 23, 24, 25, 
            26, 27, 28, 29, 30, 31, 32, 33, 34, 35, 36, 37, 38, 
            39, 40, 41, 42, 43, 44, 45, 46, 47, 48, 49, 50, 51, 
            52, 53, 54, 55, 56, 57, 58, 59, 60, 61, 62, 63, 64, 
            65, 66, 67, 68, 69, 70, 71, 72, 73, 74, 75, 76, 77, 
            78, 79, 80, 81, 82, 83, 84, 85, 86, 87, 88, 89, 90, 
            91, 92, 93, 94, 95, 96, 97, 98, 99, 100, 101, 102, 
            103, 104, 105, 106, 107, 108, 109, 110, 111, 112, 
            113, 114, 115, 116, 117, 118, 119, 120, 121, 122, 
            123, 124, 125, 126, 127, 128, 129, 130, 131, 132, 
            133, 134, 135, 136, 137, 138, 139, 140, 141, 142, 
            143, 144, 145, 146, 147, 148, 149, 150, 151, 152, 
            153, 154, 155, 156, 157, 158, 159, 160, 161, 162, 
            163, 164, 165, 166, 167, 168, 169, 170, 171, 172, 
            173, 174, 175, 176, 177, 178, 179, 180, 181, 182, 
            183, 184, 185, 186, 187, 188, 189, 190, 191, 192, 
            193, 194, 195, 196, 197, 198, 199, 200, 201, 202, 
            203, 204, 205, 206, 207, 208, 209, 210, 211, 212, 
            213, 214, 215, 216, 217, 218, 219, 220, 221, 222, 
            223, 224, 225, 226, 227, 228, 229, 230, 231, 232, 
            233, 234, 235, 236, 237, 238, 239, 240, 241, 242, 
            243, 244, 245, 246, 247, 248), x = c(0.134426, -0.644219, 
            0.464898, 0.570094, 0.415129, 0.564508, 0.534992, 
            0.49368, 0.578083, 0.810852, 0.377284, 0.487888, 
            0.538227, 0.552417, 0.431401, 0.508819, 0.357204, 
            0.480622, 0.423192, -0.867029, -1.349, -1.40826, 
            -1.01689, -1.24327, -1.17716, -1.07404, -1.49956, 
            -1.41277, -0.95524, -0.888542, -1.17475, -1.39417, 
            -1.52768, -1.49837, -0.786166, -0.985007, -0.768542, 
            -1.14051, -0.963567, -1.50269, -1.51013, -0.753275, 
            -1.27238, -1.01395, -1.36767, -1.17998, -1.20021, 
            -1.46376, -1.32393, -1.31807, -1.13322, -0.941106, 
            -1.29719, -1.55159, -1.41807, -1.05105, -1.44024, 
            -1.52716, -1.29588, -0.863427, -1.48053, -0.835243, 
            -1.20003, -0.982736, -0.925815, -1.31521, -1.37724, 
            -1.4388, -1.2536, -1.11636, -0.829936, -1.12705, 
            -1.42676, -1.02002, -0.848194, -0.81353, -1.25532, 
            -1.52315, -1.13502, -1.495, -1.51582, -0.962759, 
            -1.17484, -1.0747, -1.14457, -1.46072, -1.02873, 
            -1.51665, -1.50212, -1.50464, -1.23401, -1.54419, 
            -1.5553, -1.41625, -1.30617, -0.790648, -1.22233, 
            -0.946054, -0.947719, -0.983695, -1.01834, -0.813735, 
            -1.45967, -1.32711, -1.10757, -1.37487, -1.53822, 
            -1.01713, -1.45268, -1.55081, -1.34664, -0.775552, 
            -1.06495, -1.21373, -0.828039, -1.32683, -1.42619, 
            -1.29634, 0.0904781, 0.0241406, -0.27136, 0.843789, 
            0.471847, 0.63977, 0.840135, 0.777419, 0.920381, 
            1.30766, 0.814912, 1.23814, 0.873177, 1.09453, 1.12311, 
            1.33808, 1.54232, 1.06778, 1.43476, 0.492073, 0.37345, 
            1.17458, 1.00052, 0.0575004, 0.577825, 0.940947, 
            0.841196, 0.766301, 0.615912, -0.0293603, 0.485937, 
            0.353014, 1.04912, 0.734118, 0.312432, 0.820131, 
            0.737414, 0.164457, 1.01905, 1.22904, 0.0430689, 
            0.00155792, 0.951083, 0.0321455, 1.09897, 1.22369, 
            1.10627, 0.210829, 1.07249, 0.401276, 0.613762, 0.595936, 
            0.89426, 0.789716, 0.674598, 0.929374, 1.10795, 0.904846, 
            0.76315, 0.445196, 1.21013, 1.16571, -0.0631837, 
            0.478971, 0.0304154, 0.206251, 0.297385, 1.23481, 
            0.180441, 0.544188, 0.359067, 0.2314, 0.169434, 0.208352, 
            -0.056026, -0.086826, 0.751755, 1.10419, 0.120879, 
            0.943762, 0.569261, 0.0959204, 0.272661, 0.358663, 
            0.53772, 0.363533, 0.759811, 0.940985, 0.681324, 
            0.52107, 0.080747, 0.000497698, 1.02923, 1.62548, 
            1.18653, 1.0496, 1.5017, 1.10182, 1.26507, 1.71112, 
            1.62619, 1.55742, 1.55321, 1.16645, 1.33833, 1.70117, 
            1.32595, 1.68508, 1.64491, 1.14069, 1.03761, 1.51307, 
            1.49525, 1.30493, 1.62623, 1.48388, 1.38696, 1.40647, 
            1.03493, 1.26582, 1.46373, 1.32591, 1.17405, 1.1371, 
            1.35933, 1.22202, 1.09202, 1.21028, 1.36292, 1.50469, 
            2.0685),