structure(list(colormap = structure(list(name = "Set1 9", ncolors = 9, 
    type = 3, system = "rgb", backgroundColor = c(0, 0, 0), hiddenColor = c(0.3, 
    0.3, 0.3), accentColor = c(1, 1, 1), foregroundColors = list(
        c(1, 1, 0.2), c(0.894, 0.102, 0.11), c(0.216, 0.494, 
        0.722), c(0.302, 0.686, 0.29), c(1, 0.498, 0), c(0.651, 
        0.337, 0.157), c(0.969, 0.506, 0.749), c(0.498, 0.498, 
        0.498), c(0.596, 0.306, 0.639))), .Names = c("name", 
"ncolors", "type", "system", "backgroundColor", "hiddenColor", 
"accentColor", "foregroundColors")), title = "Tour 2D Plot", 
    type = "parcoords", ncols = 5, nplots = 5, plots = list(structure(list(
        type = "scatterplot", projection = "1D Plot", scale = c(0.7, 
        0.7), tformLims = structure(c(0, 0, 267.714, 96.286), .Names = c("xmin", 
        "xmax", "ymin", "ymax")), planarLims = structure(c(-23630, 
        23630, 23405, -23405), .Names = c("xmin", "xmax", "ymin", 
        "ymax")), points = structure(list(index = c(0, 1, 2, 
        3, 4, 5, 6, 7, 8, 9, 10, 11, 12, 13, 14, 15, 16, 17, 
        18, 19, 20, 21, 22, 23, 24, 25, 26, 27, 28, 29, 30, 31, 
        32, 33, 34, 35, 36, 37, 38, 39, 40, 41, 42, 43, 44, 45, 
        46, 47, 48, 49, 50, 51, 52, 53, 54, 55, 56, 57, 58, 59, 
        60, 61, 62, 63, 64, 65, 66, 67, 68, 69, 70, 71, 72, 73
        ), x = c(191, 185, 200, 173, 171, 160, 188, 186, 174, 
        163, 190, 174, 201, 190, 182, 184, 177, 178, 210, 182, 
        186, 158, 146, 151, 122, 138, 132, 131, 135, 125, 130, 
        130, 138, 130, 143, 154, 147, 141, 131, 144, 137, 143, 
        135, 186, 211, 201, 242, 184, 211, 217, 223, 208, 199, 
        211, 218, 203, 192, 195, 211, 187, 192, 223, 188, 216, 
        185, 178, 187, 187, 201, 187, 210, 196, 195, 187), y = c(50, 
        50, 50, 50, 50, 50, 50, 50, 50, 50, 50, 50, 50, 50, 50, 
        50, 50, 50, 50, 50, 50, 50, 50, 50, 50, 50, 50, 50, 50, 
        50, 50, 50, 50, 50, 50, 50, 50, 50, 50, 50, 50, 50, 50, 
        50, 50, 50, 50, 50, 50, 50, 50, 50, 50, 50, 50, 50, 50, 
        50, 50, 50, 50, 50, 50, 50, 50, 50, 50, 50, 50, 50, 50, 
        50, 50, 50), color = c(2, 2, 2, 2, 2, 2, 2, 2, 2, 2, 
        2, 2, 2, 2, 2, 2, 2, 2, 2, 2, 2, 4, 4, 4, 4, 4, 4, 4, 
        4, 4, 4, 4, 4, 4, 4, 4, 4, 4, 4, 4, 4, 4, 4, 0, 0, 0, 
        0, 0, 0, 0, 0, 0, 0, 0, 0, 0, 0, 0, 0, 0, 0, 0, 0, 0, 
        0, 0, 0, 0, 0, 0, 0, 0, 0, 0), glyphtype = c(6, 6, 6, 
        6, 6, 6, 6, 6, 6, 6, 6, 6, 6, 6, 6, 6, 6, 6, 6, 6, 6, 
        6, 6, 6, 6, 6, 6, 6, 6, 6, 6, 6, 6, 6, 6, 6, 6, 6, 6, 
        6, 6, 6, 6, 6, 6, 6, 6, 6, 6, 6, 6, 6, 6, 6, 6, 6, 6, 
        6, 6, 6, 6, 6, 6, 6, 6, 6, 6, 6, 6, 6, 6, 6, 6, 6), glyphsize = c(1, 
        1, 1, 1, 1, 1, 1, 1, 1, 1, 1, 1, 1, 1, 1, 1, 1, 1, 1, 
        1, 1, 1, 1, 1, 1, 1, 1, 1, 1, 1, 1, 1, 1, 1, 1, 1, 1, 
        1, 1, 1, 1, 1, 1, 1, 1, 1, 1, 1, 1, 1, 1, 1, 1, 1, 1, 
        1, 1, 1, 1, 1, 1, 1, 1, 1, 1, 1, 1, 1, 1, 1, 1, 1, 1, 
        1), hidden = c(0, 0, 0, 0, 0, 0, 0, 0, 0, 0, 0, 0, 0, 
        0, 0, 0, 0, 0, 0, 0, 0, 0, 0, 0, 0, 0, 0, 0, 0, 0, 0, 
        0, 0, 0, 0, 0, 0, 0, 0, 0, 0, 0, 0, 0, 0, 0, 0, 0, 0, 
        0, 0, 0, 0, 0, 0, 0, 0, 0, 0, 0, 0, 0, 0, 0, 0, 0, 0, 
        0, 0, 0, 0, 0, 0, 0)), .Names = c("index", "x", "y", 
        "color", "glyphtype", "glyphsize", "hidden")), plotparams = structure(list(
            label = "tars1", type = 2, orientation = 1, lines = 0), .Names = c("label", 
        "type", "orientation", "lines"))), .Names = c("type", 
    "projection", "scale", "tformLims", "planarLims", "points", 
    "plotparams")), structure(list(type = "scatterplot", projection = "1D Plot", 
        scale = c(0.7, 0.7), tformLims = structure(c(0, 0, 154.357, 
        98.643), .Names = c("xmin", "xmax", "ymin", "ymax")), 
        planarLims = structure(c(-23630, 23630, 23405, -23405
        ), .Names = c("xmin", "xmax", "ymin", "ymax")), points = structure(list(
            index = c(0, 1, 2, 3, 4, 5, 6, 7, 8, 9, 10, 11, 12, 
            13, 14, 15, 16, 17, 18, 19, 20, 21, 22, 23, 24, 25, 
            26, 27, 28, 29, 30, 31, 32, 33, 34, 35, 36, 37, 38, 
            39, 40, 41, 42, 43, 44, 45, 46, 47, 48, 49, 50, 51, 
            52, 53, 54, 55, 56, 57, 58, 59, 60, 61, 62, 63, 64, 
            65, 66, 67, 68, 69, 70, 71, 72, 73), x = c(131, 134, 
            137, 127, 118, 118, 134, 129, 131, 115, 143, 131, 
            130, 133, 130, 131, 127, 126, 140, 121, 136, 141, 
            119, 130, 113, 121, 115, 127, 123, 119, 120, 131, 
            127, 116, 123, 135, 132, 131, 116, 121, 146, 119, 
            127, 107, 122, 114, 131, 108, 118, 122, 127, 125, 
            124, 129, 126, 122, 116, 123, 122, 123, 109, 124, 
            114, 120, 114, 119, 111, 112, 130, 120, 119, 114, 
            110, 124), y = c(50, 50, 50, 50, 50, 50, 50, 50, 
            50, 50, 50, 50, 50, 50, 50, 50, 50, 50, 50, 50, 50, 
            50, 50, 50, 50, 50, 50, 50, 50, 50, 50, 50, 50, 50, 
            50, 50, 50, 50, 50, 50, 50, 50, 50, 50, 50, 50, 50, 
            50, 50, 50, 50, 50, 50, 50, 50, 50, 50, 50, 50, 50, 
            50, 50, 50, 50, 50, 50, 50, 50, 50, 50, 50, 50, 50, 
            50), color = c(2, 2, 2, 2, 2, 2, 2, 2, 2, 2, 2, 2, 
            2, 2, 2, 2, 2, 2, 2, 2, 2, 4, 4, 4, 4, 4, 4, 4, 4, 
            4, 4, 4, 4, 4, 4, 4, 4, 4, 4, 4, 4, 4, 4, 0, 0, 0, 
            0, 0, 0, 0, 0, 0, 0, 0, 0, 0, 0, 0, 0, 0, 0, 0, 0, 
            0, 0, 0, 0, 0, 0, 0, 0, 0, 0, 0), glyphtype = c(6, 
            6, 6, 6, 6, 6, 6, 6, 6, 6, 6, 6, 6, 6, 6, 6, 6, 6, 
            6, 6, 6, 6, 6, 6, 6, 6, 6, 6, 6, 6, 6, 6, 6, 6, 6, 
            6, 6, 6, 6, 6, 6, 6, 6, 6, 6, 6, 6, 6, 6, 6, 6, 6, 
            6, 6, 6, 6, 6, 6, 6, 6, 6, 6, 6, 6, 6, 6, 6, 6, 6, 
            6, 6, 6, 6, 6), glyphsize = c(1, 1, 1, 1, 1, 1, 1, 
            1, 1, 1, 1, 1, 1, 1, 1, 1, 1, 1, 1, 1, 1, 1, 1, 1, 
            1, 1, 1, 1, 1, 1, 1, 1, 1, 1, 1, 1, 1, 1, 1, 1, 1, 
            1, 1, 1, 1, 1, 1, 1, 1, 1, 1, 1, 1, 1, 1, 1, 1, 1, 
            1, 1, 1, 1, 1, 1, 1, 1, 1, 1, 1, 1, 1, 1, 1, 1), 
            hidden = c(0, 0, 0, 0, 0, 0, 0, 0, 0, 0, 0, 0, 0, 
            0, 0, 0, 0, 0, 0, 0, 0, 0, 0, 0, 0, 0, 0, 0, 0, 0, 
            0, 0, 0, 0, 0, 0, 0, 0, 0, 0, 0, 0, 0, 0, 0, 0, 0, 
            0, 0, 0, 0, 0, 0, 0, 0, 0, 0, 0, 0, 0, 0, 0, 0, 0, 
            0, 0, 0, 0, 0, 0, 0, 0, 0, 0)), .Names = c("index", 
        "x", "y", "color", "glyphtype", "glyphsize", "hidden"
        )), plotparams = structure(list(label = "tars2", type = 2, 
            orientation = 1, lines = 0), .Names = c("label", 
        "type", "orientation", "lines"))), .Names = c("type", 
    "projection", "scale", "tformLims", "planarLims", "points", 
    "plotparams")), structure(list(type = "scatterplot", projection = "1D Plot", 
        scale = c(0.7, 0.7), tformLims = structure(c(0, 0, 61.214, 
        39.786), .Names = c("xmin", "xmax", "ymin", "ymax")), 
        planarLims = structure(c(-23630, 23630, 23405, -23405
        ), .Names = c("xmin", "xmax", "ymin", "ymax")), points = structure(list(
            index = c(0, 1, 2, 3, 4, 5, 6, 7, 8, 9, 10, 11, 12, 
            13, 14, 15, 16, 17, 18, 19, 20, 21, 22, 23, 24, 25, 
            26, 27, 28, 29, 30, 31, 32, 33, 34, 35, 36, 37, 38, 
            39, 40, 41, 42, 43, 44, 45, 46, 47, 48, 49, 50, 51, 
            52, 53, 54, 55, 56, 57, 58, 59, 60, 61, 62, 63, 64, 
            65, 66, 67, 68, 69, 70, 71, 72, 73), x = c(53, 50, 
            52, 50, 49, 47, 54, 51, 52, 47, 52, 50, 51, 53, 51, 
            51, 49, 53, 54, 51, 56, 58, 51, 51, 45, 53, 49, 51, 
            50, 51, 48, 51, 52, 52, 54, 56, 54, 51, 47, 53, 53, 
            53, 52, 49, 49, 47, 54, 43, 51, 49, 51, 50, 46, 49, 
            49, 49, 49, 47, 48, 47, 46, 53, 48, 50, 46, 47, 49, 
            49, 54, 47, 50, 51, 49, 49),