structure(list(colormap = structure(list(name = "Set1 9", ncolors = 9, 
    type = 3, system = "rgb", backgroundColor = c(0.2, 0.2, 0.2
    ), hiddenColor = c(0.5, 0.5, 0.5), accentColor = c(1, 1, 
    1), foregroundColors = list(c(0.596, 0.306, 0.639), c(0.969, 
    0.506, 0.749), c(0.894, 0.102, 0.11), c(0.216, 0.494, 0.722
    ), c(0.302, 0.686, 0.29), c(1, 0.498, 0), c(0.651, 0.337, 
    0.157), c(0.6, 0.6, 0.6), c(1, 1, 0.2))), .Names = c("name", 
"ncolors", "type", "system", "backgroundColor", "hiddenColor", 
"accentColor", "foregroundColors")), title = "", type = "barchart", 
    nplots = 1, plots = list(structure(list(type = "histogram", 
        points = structure(list(x = c(1075, 1088, 911, 966, 1051, 
        911, 922, 1100, 1082, 1037, 1051, 1036, 1074, 875, 952, 
        1155, 943, 1278, 961, 952, 1074, 995, 1056, 1065, 1065, 
        1315, 1321, 1359, 1378, 1295, 1275, 1336, 1309, 1340, 
        1299, 1221, 1245, 1285, 1248, 1356, 1260, 1261, 1304, 
        1344, 1323, 1292, 1254, 1312, 1213, 1359, 1266, 1298, 
        1272, 1278, 1184, 1382, 1183, 1261, 1198, 1225, 1339, 
        1132, 1381, 1409, 1306, 1372, 1336, 1401, 1390, 1432, 
        1412, 1366, 1383, 1283, 1296, 1287, 1351, 1241, 1267, 
        1235, 1255, 1454, 1347, 1364, 1410, 1384, 1412, 1410, 
        1509, 1317, 1286, 1273, 1463, 1399, 1413, 1369, 1488, 
        1323, 1311, 1286, 1380, 1394, 1324, 1290, 1361, 1387, 
        1369, 1303, 1346, 1369, 1305, 1351, 1283, 1449, 1310, 
        1360, 1300, 1368, 1207, 1348, 1334, 1301, 1226, 1201, 
        1297, 1248, 1335, 1219, 1318, 1264, 1201, 1252, 1273, 
        1351, 1336, 1499, 1425, 1358, 1346, 1392, 1311, 1314, 
        1409, 1342, 1387, 1413, 1430, 1336, 1372, 1330, 1412, 
        1321, 1401, 1401, 1457, 1451, 1438, 1462, 1529, 1510, 
        1437, 1327, 1438, 1447, 1355, 1369, 1471, 1456, 1314, 
        1408, 1397, 1413, 1539, 1304, 1341, 1508, 1515, 1262, 
        1307, 1294, 1460, 1476, 1482, 1388, 1367, 1272, 1323, 
        1206, 1383, 1521, 1350, 1422, 1298, 1447, 1347, 1339, 
        1388, 1527, 1495, 1487, 1399, 1489, 1339, 1482, 1434, 
        1347, 1340, 1453, 1306, 1349, 1254, 1168, 1346, 1390, 
        1283, 1214, 1491, 1479, 1445, 1439, 1387, 1426, 1451, 
        1493, 1419, 1342, 1349, 1440, 1460, 1249, 1348, 1341, 
        1398, 1454, 1334, 1438, 1303, 1323, 1417, 1360, 1420, 
        1472, 1368, 1367, 1403, 1413, 1201, 1359, 1518, 1434, 
        1367, 1461, 1368, 1419, 1514, 1328, 1469, 1222, 1639, 
        1345, 1339, 1194, 1112, 1222, 1136, 926, 1105, 1109, 
        1284, 1120, 916, 905, 1206, 1457, 1327, 1303, 1444, 1505, 
        1429, 1491, 1393, 1404, 1222, 1153, 1169, 1369, 993, 
        980, 967, 1128, 1188, 1257, 1262, 1283, 1263, 1369, 1353, 
        1187, 1732, 1620, 1543, 1498, 1399, 1293, 1420, 1721, 
        1742, 1391, 1517, 1269, 1577, 1590, 1621, 1753, 1679, 
        1419, 1693, 1692, 1638, 1497, 1442, 1680, 1463, 1129, 
        1042, 1103, 1118, 1052, 1116, 1108, 1129, 1085, 1104, 
        1098, 1135, 1158, 1133, 1095, 1201, 1213, 1108, 1075, 
        1059, 1176, 1159, 1132, 1107, 1092, 1119, 1106, 1047, 
        1165, 1158, 1095, 1176, 1103, 1112, 1091, 1080, 1051, 
        1096, 1142, 1047, 1114, 1140, 1075, 1092, 1076, 1178, 
        1095, 1166, 1154, 1177, 1160, 1122, 1132, 1096, 1131, 
        1184, 1135, 1084, 1086, 1140, 1138, 1159, 1051, 1048, 
        1061, 1105, 1145, 1049, 1105, 1030, 1070, 1103, 1040, 
        1100, 1118, 1065, 1131, 1080, 1075, 1040, 1128, 1060, 
        1103, 1110, 1091, 1094, 1131, 1175, 1076, 1120, 1152, 
        1141, 1098, 1126, 1087, 1115, 1178, 1162, 1085, 1085, 
        1090, 1080, 1090, 1105, 1060, 1050, 1100, 1065, 1085, 
        1080, 1085, 1075, 1090, 1095, 1090, 1095, 1090, 1095, 
        1095, 1080, 1090, 1105, 1110, 1075, 1075, 1065, 1070, 
        1070, 1100, 1075, 1050, 1090, 1050, 1075, 1098, 1105, 
        1110, 1058, 1115, 1105, 1072, 1110, 1110, 1055, 1100, 
        1105, 1095, 1110, 1092, 1290, 1170, 1100, 1120, 1160, 
        1200, 1140, 1220, 1180, 1210, 1220, 1180, 1160, 1130, 
        1080, 1090, 1020, 1090, 1120, 1080, 1160, 1100, 1050, 
        1090, 1120, 1120, 1190, 1170, 1120, 1190, 1400, 1350, 
        1090, 1150, 1240, 1220, 1180, 1170, 1170, 1180, 1200, 
        1140, 1160, 1130, 1150, 1110, 1150, 1180, 1020, 610, 
        1190, 1110, 1020, 1070, 1010, 1060, 1060, 1030, 1120, 
        1030, 1070, 1140, 1090, 980, 980, 960, 990, 1060, 1240, 
        1060, 1020, 970, 1180, 1060, 990, 1010, 1040, 1040, 1020, 
        1020, 1010, 920, 1030, 960, 1030, 1010, 1020, 1120, 1090, 
        1100, 1090, 1150, 1110, 1010, 1070, 1280, 1060, 1010, 
        990, 960), color = c(2, 2, 2, 2, 2, 2, 2, 2, 2, 2, 2, 
        2, 2, 2, 2, 2, 2, 2, 2, 2, 2, 2, 2, 2, 2, 2, 2, 2, 2, 
        2, 2, 2, 2, 2, 2, 2, 2, 2, 2, 2, 2, 2, 2, 2, 2, 2, 2, 
        2, 2, 2, 2, 2, 2, 2, 2, 2, 2, 2, 2, 2, 2, 2, 2, 2, 2, 
        2, 2, 2, 2, 2, 2, 2, 2, 2, 2, 2, 2, 2, 2, 2, 2, 2, 2, 
        2, 2, 2, 2, 2, 2, 2, 2, 2, 2, 2, 2, 2, 2, 2, 2, 2, 2, 
        2, 2, 2, 2, 2, 2, 2, 2, 2, 2, 2, 2, 2, 2, 2, 2, 2, 2, 
        2, 2, 2, 2, 2, 2, 2, 2, 2, 2, 2, 2, 2, 2, 2, 2, 2, 2, 
        2, 2, 2, 2, 2, 2, 2, 2, 2, 2, 2, 2, 2, 2, 2, 2, 2, 2, 
        2, 2, 2, 2, 2, 2, 2, 2, 2, 2, 2, 2, 2, 2, 2, 2, 2, 2, 
        2, 2, 2, 2, 2, 2, 2, 2, 2, 2, 2, 2, 2, 2, 2, 2, 2, 2, 
        2, 2, 2, 2, 2, 2, 2, 2, 2, 2, 2, 2, 2, 2, 2, 2, 2, 2, 
        2, 2, 2, 2, 2, 2, 2, 2, 2, 2, 2, 2, 2, 2, 2, 2, 2, 2, 
        2, 2, 2, 2, 2, 2, 2, 2, 2, 2, 2, 2, 2, 2, 2, 2, 2, 2, 
        2, 2, 2, 2, 2, 2, 2, 2, 2, 2, 2, 2, 2, 2, 2, 2, 2, 2, 
        2, 2, 2, 2, 2, 2, 2, 2, 2, 2, 2, 2, 2, 2, 2, 2, 2, 2, 
        2, 2, 2, 2, 2, 2, 2, 2, 2, 2, 2, 2, 2, 2, 2, 2, 2, 2, 
        2, 2, 2, 2, 2, 2, 2, 2, 2, 2, 2, 2, 2, 2, 2, 2, 2, 2, 
        2, 2, 2, 2, 2, 2, 4, 4, 4, 4, 4, 4, 4, 4, 4, 4, 4, 4, 
        4, 4, 4, 4, 4, 4, 4, 4, 4, 4, 4, 4, 4, 4, 4, 4, 4, 4, 
        4, 4, 4, 4, 4, 4, 4, 4, 4, 4, 4, 4, 4, 4, 4, 4, 4, 4, 
        4, 4, 4, 4, 4, 4, 4, 4, 4, 4, 4, 4, 4, 4, 4, 4, 4, 4, 
        4, 4, 4, 4, 4, 4, 4, 4, 4, 4, 4, 4, 4, 4, 4, 4, 4, 4, 
        4, 4, 4, 4, 4, 4, 4, 4, 4, 4, 4, 4, 4, 4, 0, 0, 0, 0, 
        0, 0, 0, 0, 0, 0, 0, 0, 0, 0, 0, 0, 0, 0, 0, 0, 0, 0, 
        0, 0, 0, 0, 0, 0, 0, 0, 0, 0, 0, 0, 0, 0, 0, 0, 0, 0, 
        0, 0, 0, 0, 0, 0, 0, 0, 0, 0, 0, 0, 0, 0, 0, 0, 0, 0, 
        0, 0, 0, 0, 0, 0, 0, 0, 0, 0, 0, 0, 0, 0, 0, 0, 0, 0, 
        0, 0, 0, 0, 0, 0, 0, 0, 0, 0, 0, 0, 0, 0, 0, 0, 0, 0, 
        0, 0, 0, 0, 0, 0, 0, 0, 0, 0, 0, 0, 0, 0, 0, 0, 0, 0, 
        0, 0, 0, 0, 0, 0, 0, 0, 0, 0, 0, 0, 0, 0, 0, 0, 0, 0, 
        0, 0, 0, 0, 0, 0, 0, 0, 0, 0, 0, 0, 0, 0, 0, 0, 0, 0, 
        0, 0, 0),