structure(list(colormap = structure(list(name = "Set1 9", ncolors = 9, 
    type = 3, system = "rgb", backgroundColor = c(0, 0, 0), hiddenColor = c(0.3, 
    0.3, 0.3), accentColor = c(1, 1, 1), foregroundColors = list(
        c(1, 1, 0.2), c(0.894, 0.102, 0.11), c(0.216, 0.494, 
        0.722), c(0.302, 0.686, 0.29), c(1, 0.498, 0), c(0.651, 
        0.337, 0.157), c(0.969, 0.506, 0.749), c(0.498, 0.498, 
        0.498), c(0.596, 0.306, 0.639))), .Names = c("name", 
"ncolors", "type", "system", "backgroundColor", "hiddenColor", 
"accentColor", "foregroundColors")), title = "Tour 2D Plot", 
    type = "scatterplot", nplots = 1, plots = list(structure(list(
        type = "scatterplot", projection = "2D Tour", scale = c(0.7, 
        0.7), tformLims = structure(c(0, 0, 0, 0), .Names = c("xmin", 
        "xmax", "ymin", "ymax")), planarLims = structure(c(-23544, 
        23544, 23422, -23422), .Names = c("xmin", "xmax", "ymin", 
        "ymax")), points = structure(list(index = c(0, 1, 2, 
        3, 4, 5, 6, 7, 8, 9, 10, 11, 12, 13, 14, 15, 16, 17, 
        18, 19, 20, 21, 22, 23, 24, 25, 26, 27, 28, 29, 30, 31, 
        32, 33, 34, 35, 36, 37, 38, 39, 40, 41, 42, 43, 44, 45, 
        46, 47, 48, 49, 50, 51, 52, 53, 54, 55, 56, 57, 58, 59, 
        60, 61, 62, 63, 64, 65, 66, 67, 68, 69, 70, 71, 72, 73
        ), x = c(-6605.08, -5000.22, -6967.64, -4404.04, -3038.93, 
        -1579.9, -4679.71, -4861.16, -3051.96, -1942.26, -4135.39, 
        -5391.6, -7282.83, -7383.86, -4654.49, -2790.63, -3402.16, 
        -4998.88, -7996.96, -3352.19, -3751.61, 8026.95, 5837.32, 
        4049.33, 10205.3, 8483.64, 9335.34, 7635.8, 8915.37, 
        10321.2, 9598.45, 7559.89, 9907.4, 10640.1, 8163.07, 
        5418.9, 8034.28, 6999.4, 10643.7, 7949.3, 7612.36, 10307.1, 
        8686.25, 1211.36, -7145.71, -3902.74, -11444.9, -2318.12, 
        -4390.49, -6537.81, -9347.82, -4363.66, -2276.93, -3909.93, 
        -6545.7, -1923.65, -2293.13, -3910.27, -4757.7, -2180.04, 
        -2526.69, -4580.79, 2021.25, -6815.21, -2800.16, 1908.34, 
        41.7009, 2546.57, -1698.63, -2223.15, -3551.28, -1584.62, 
        -503.887, -2007.98), y = c(7583.38, 5842.66, 3421.68, 
        8698.02, 9923.34, 7996.89, 6974.81, 4550.57, 5891.76, 
        8523.24, 2138.35, 10333.5, 4267.41, 9525.51, 6757.43, 
        2077.95, 3119.46, 10863.3, 2980.76, 5506.27, 5185.28, 
        -338.669, 3776.65, 3528.81, 3034.26, 3452.52, 4256.02, 
        4703.32, 369.261, 4801.23, 2975.11, 6077.79, 1364.28, 
        4172.56, 3976.35, 2326.63, 936.379, 3473.89, -7.69373, 
        1955.98, 2163.95, -555.638, 3630.19, -5595.9, -4261.41, 
        -1750.53, -5323.95, -2944.57, -6573.6, -4156.06, -2026.63, 
        -5482.3, -6964.87, -7751.14, -7288.7, -7415.24, -3575.68, 
        -2133.25, -5163.82, -606.309, -1649.55, -7328.41, -6521.95, 
        -3537.03, -1413.06, -4895.48, -3963.62, -6077.49, -3564.67, 
        -3186.73, -4499.78, -3097.59, -5679.47, -1270.52), color = c(2, 
        2, 2, 2, 2, 2, 2, 2, 2, 2, 2, 2, 2, 2, 2, 2, 2, 2, 2, 
        2, 2, 4, 4, 4, 4, 4, 4, 4, 4, 4, 4, 4, 4, 4, 4, 4, 4, 
        4, 4, 4, 4, 4, 4, 0, 0, 0, 0, 0, 0, 0, 0, 0, 0, 0, 0, 
        0, 0, 0, 0, 0, 0, 0, 0, 0, 0, 0, 0, 0, 0, 0, 0, 0, 0, 
        0), glyphtype = c(6, 6, 6, 6, 6, 6, 6, 6, 6, 6, 6, 6, 
        6, 6, 6, 6, 6, 6, 6, 6, 6, 6, 6, 6, 6, 6, 6, 6, 6, 6, 
        6, 6, 6, 6, 6, 6, 6, 6, 6, 6, 6, 6, 6, 6, 6, 6, 6, 6, 
        6, 6, 6, 6, 6, 6, 6, 6, 6, 6, 6, 6, 6, 6, 6, 6, 6, 6, 
        6, 6, 6, 6, 6, 6, 6, 6), glyphsize = c(1, 1, 1, 1, 1, 
        1, 1, 1, 1, 1, 1, 1, 1, 1, 1, 1, 1, 1, 1, 1, 1, 1, 1, 
        1, 1, 1, 1, 1, 1, 1, 1, 1, 1, 1, 1, 1, 1, 1, 1, 1, 1, 
        1, 1, 1, 1, 1, 1, 1, 1, 1, 1, 1, 1, 1, 1, 1, 1, 1, 1, 
        1, 1, 1, 1, 1, 1, 1, 1, 1, 1, 1, 1, 1, 1, 1), hidden = c(0, 
        0, 0, 0, 0, 0, 0, 0, 0, 0, 0, 0, 0, 0, 0, 0, 0, 0, 0, 
        0, 0, 0, 0, 0, 0, 0, 0, 0, 0, 0, 0, 0, 0, 0, 0, 0, 0, 
        0, 0, 0, 0, 0, 0, 0, 0, 0, 0, 0, 0, 0, 0, 0, 0, 0, 0, 
        0, 0, 0, 0, 0, 0, 0, 0, 0, 0, 0, 0, 0, 0, 0, 0, 0, 0, 
        0)), .Names = c("index", "x", "y", "color", "glyphtype", 
        "glyphsize", "hidden")), tour2dparams = structure(list(
            F = c(-0.82, -0.124, 0.317, -0.285, -0.32, -0.167, 
            -0.494, 0.036, -0.22, 0.763, 0.352, 0.004), labels = c("tars1", 
            "tars2", "head", "aede1", "aede2", "aede3"), ranges = list(
                c(122, 242), c(107, 146), c(43, 58), c(116, 157
                ), c(8, 16), c(55, 123))), .Names = c("F", "labels", 
        "ranges"))), .Names = c("type", "projection", "scale", 
    "tformLims", "planarLims", "points", "tour2dparams"))), showMissing = 1, 
    showPoints = 1, showDirectedEdges = 0, showUndirectedEdges = 0, 
    showArrowheads = 0), .Names = c("colormap", "title", "type", 
"nplots", "plots", "showMissing", "showPoints", "showDirectedEdges", 
"showUndirectedEdges", "showArrowheads"))
