structure(list(colormap = structure(list(name = "Set1 9", ncolors = 9, 
    type = 3, system = "rgb", backgroundColor = c(0, 0, 0), hiddenColor = c(0.3, 
    0.3, 0.3), accentColor = c(1, 1, 1), foregroundColors = list(
        c(1, 1, 0.2), c(0.894, 0.102, 0.11), c(0.216, 0.494, 
        0.722), c(0.302, 0.686, 0.29), c(1, 0.498, 0), c(0.651, 
        0.337, 0.157), c(0.969, 0.506, 0.749), c(0.498, 0.498, 
        0.498), c(0.596, 0.306, 0.639))), .Names = c("name", 
"ncolors", "type", "system", "backgroundColor", "hiddenColor", 
"accentColor", "foregroundColors")), title = "Dot plot", type = "scatterplot", 
    nplots = 1, plots = list(structure(list(type = "scatterplot", 
        projection = "1D Plot", scale = c(0.7, 0.7), tformLims = structure(c(96.286, 
        267.714, 0, 0), .Names = c("xmin", "xmax", "ymin", "ymax"
        )), planarLims = structure(c(-23544, 23544, 23544, -23544
        ), .Names = c("xmin", "xmax", "ymin", "ymax")), points = structure(list(
            index = c(0, 1, 2, 3, 4, 5, 6, 7, 8, 9, 10, 11, 12, 
            13, 14, 15, 16, 17, 18, 19, 20, 21, 22, 23, 24, 25, 
            26, 27, 28, 29, 30, 31, 32, 33, 34, 35, 36, 37, 38, 
            39, 40, 41, 42, 43, 44, 45, 46, 47, 48, 49, 50, 51, 
            52, 53, 54, 55, 56, 57, 58, 59, 60, 61, 62, 63, 64, 
            65, 66, 67, 68, 69, 70, 71, 72, 73), x = c(191, 185, 
            200, 173, 171, 160, 188, 186, 174, 163, 190, 174, 
            201, 190, 182, 184, 177, 178, 210, 182, 186, 158, 
            146, 151, 122, 138, 132, 131, 135, 125, 130, 130, 
            138, 130, 143, 154, 147, 141, 131, 144, 137, 143, 
            135, 186, 211, 201, 242, 184, 211, 217, 223, 208, 
            199, 211, 218, 203, 192, 195, 211, 187, 192, 223, 
            188, 216, 185, 178, 187, 187, 201, 187, 210, 196, 
            195, 187), y = c(37.6959, 61.1463, 83.6189, 75.3884, 
            50, 50, 64.2618, 0.394796, 34.8849, 50, 6.05544, 
            40.9231, 49.0579, 44.1222, 30, 76.0502, 8.42705, 
            94.0079, 59.4378, 70, 51.6149, 50, 30, 50, 50, 83.239, 
            100, 44.4926, 30, 50, 58.7633, 29.029, 56.6419, 85.0348, 
            25.3324, 50, 70, 50, 34.9746, 36.3948, 12.5264, 98.3314, 
            70, 29.539, 95.222, 62.4395, 50, 59.1162, 21.9536, 
            84.9801, 30, 50, 9.60608, 2.30689, 32.9597, 50, 74.9763, 
            98.0001, 66.0581, 71.5637, 14.7592, 70, 84.7912, 
            40.7317, 82.8601, 22.615, 89.4214, 25.3367, 27.737, 
            54.8799, 18.4437, 53.9197, 29.0158, 14.795), color = c(2, 
            2, 2, 2, 2, 2, 2, 2, 2, 2, 2, 2, 2, 2, 2, 2, 2, 2, 
            2, 2, 2, 4, 4, 4, 4, 4, 4, 4, 4, 4, 4, 4, 4, 4, 4, 
            4, 4, 4, 4, 4, 4, 4, 4, 0, 0, 0, 0, 0, 0, 0, 0, 0, 
            0, 0, 0, 0, 0, 0, 0, 0, 0, 0, 0, 0, 0, 0, 0, 0, 0, 
            0, 0, 0, 0, 0), glyphtype = c(6, 6, 6, 6, 6, 6, 6, 
            6, 6, 6, 6, 6, 6, 6, 6, 6, 6, 6, 6, 6, 6, 6, 6, 6, 
            6, 6, 6, 6, 6, 6, 6, 6, 6, 6, 6, 6, 6, 6, 6, 6, 6, 
            6, 6, 2, 2, 2, 2, 2, 2, 2, 2, 2, 2, 2, 2, 2, 2, 2, 
            2, 2, 2, 2, 2, 2, 2, 2, 2, 2, 2, 2, 2, 2, 2, 2), 
            glyphsize = c(1, 1, 1, 1, 1, 1, 1, 1, 1, 1, 1, 1, 
            1, 1, 1, 1, 1, 1, 1, 1, 1, 1, 1, 1, 1, 1, 1, 1, 1, 
            1, 1, 1, 1, 1, 1, 1, 1, 1, 1, 1, 1, 1, 1, 3, 3, 3, 
            3, 3, 3, 3, 3, 3, 3, 3, 3, 3, 3, 3, 3, 3, 3, 3, 3, 
            3, 3, 3, 3, 3, 3, 3, 3, 3, 3, 3), hidden = c(0, 0, 
            0, 0, 0, 0, 0, 0, 0, 0, 0, 0, 0, 0, 0, 0, 0, 0, 0, 
            0, 0, 0, 0, 0, 0, 0, 0, 0, 0, 0, 0, 0, 0, 0, 0, 0, 
            0, 0, 0, 0, 0, 0, 0, 0, 0, 0, 0, 0, 0, 0, 0, 0, 0, 
            0, 0, 0, 0, 0, 0, 0, 0, 0, 0, 0, 0, 0, 0, 0, 0, 0, 
            0, 0, 0, 0)), .Names = c("index", "x", "y", "color", 
        "glyphtype", "glyphsize", "hidden")), plotparams = structure(list(
            xlab = "tars1", type = 0, orientation = 0, lines = 1), .Names = c("xlab", 
        "type", "orientation", "lines"))), .Names = c("type", 
    "projection", "scale", "tformLims", "planarLims", "points", 
    "plotparams"))), showMissing = 1, showPoints = 1, showDirectedEdges = 0, 
    showUndirectedEdges = 0, showArrowheads = 0), .Names = c("colormap", 
"title", "type", "nplots", "plots", "showMissing", "showPoints", 
"showDirectedEdges", "showUndirectedEdges", "showArrowheads"))
