structure(list(colormap = structure(list(name = "Set1 9", ncolors = 9, 
    type = 3, system = "rgb", backgroundColor = c(0, 0, 0), hiddenColor = c(0.3, 
    0.3, 0.3), accentColor = c(1, 1, 1), foregroundColors = list(
        c(1, 1, 0.2), c(0.894, 0.102, 0.11), c(0.216, 0.494, 
        0.722), c(0.302, 0.686, 0.29), c(1, 0.498, 0), c(0.651, 
        0.337, 0.157), c(0.969, 0.506, 0.749), c(0.498, 0.498, 
        0.498), c(0.596, 0.306, 0.639))), .Names = c("name", 
"ncolors", "type", "system", "backgroundColor", "hiddenColor", 
"accentColor", "foregroundColors")), title = "Tour 1D Plot", 
    type = "scatterplot", nplots = 1, plots = list(structure(list(
        type = "scatterplot", projection = "1D Tour", scale = c(0.7, 
        0.7), tformLims = structure(c(0, 0, 0, 0), .Names = c("xmin", 
        "xmax", "ymin", "ymax")), planarLims = structure(c(-23544, 
        23544, 23544, -23544), .Names = c("xmin", "xmax", "ymin", 
        "ymax")), points = structure(list(index = c(0, 1, 2, 
        3, 4, 5, 6, 7, 8, 9, 10, 11, 12, 13, 14, 15, 16, 17, 
        18, 19, 20, 21, 22, 23, 24, 25, 26, 27, 28, 29, 30, 31, 
        32, 33, 34, 35, 36, 37, 38, 39, 40, 41, 42, 43, 44, 45, 
        46, 47, 48, 49, 50, 51, 52, 53, 54, 55, 56, 57, 58, 59, 
        60, 61, 62, 63, 64, 65, 66, 67, 68, 69, 70, 71, 72, 73
        ), x = c(-7550.08, -5638.78, -4289.86, -6286.22, -7791.44, 
        -5447.59, -7084.95, -6529.91, -9609.95, -4723.21, -4006.22, 
        -8252.84, -5292.98, -8749.11, -6830.3, -3091.57, -4556.28, 
        -11864.5, -5453.48, -7327.31, -10014.1, -10329.5, -9265.12, 
        -9191.1, -5499.96, -10077.3, -6976.61, -10095.6, -7445.32, 
        -11032.8, -7410.6, -10885.8, -7761.69, -11163.9, -8609.01, 
        -13270.8, -8351.21, -8674.56, -4836.98, -8692.33, -10948.1, 
        -7903.34, -10119.2, 3320.32, 2626.85, 5839, 3148.19, 
        7289.79, 3236.01, 6886.31, 3318.83, 3526.72, 7637.33, 
        6125.94, 6088.57, 7156.09, 1863.9, 4967.24, 7464.52, 
        4138.26, 2985.62, 4618.68, 6192.87, 3701.55, 1967.77, 
        4678.56, 5836.87, 8624.08, 521.773, 3233.25, 6800.73, 
        1483.52, 3153.34, 916.511), y = c(264.362, -3537.62, 
        -7366.05, -1935.28, 456.35, -4069.7, -223.606, -1352.35, 
        -2116.46, -6112.58, -8331.81, 544.365, -4518.04, -83.5092, 
        -683.987, -12131.3, -6569.34, -10691.2, -4052.96, 78.191, 
        -3273.9, -4346.37, -1214.58, -1029.42, -3921.07, -3477.89, 
        -403.408, -3536.97, 181.657, -7193.95, 154.145, -6591.93, 
        433.299, -7721.46, 143.313, -14847.5, 465.188, 42.7832, 
        -5799.76, 15.5307, -6847.3, 539.801, -3613.14, -3444.58, 
        -4623.42, -6152.31, -3558.82, -6839.58, -3482.31, -6091.77, 
        -3444.99, -3457.6, -7820.52, -5935.57, -5964.69, -6542.86, 
        -7546.86, -5499.17, -7286.58, -4034.48, -3780.9, -4837.39, 
        -5893.81, -3574.07, -7071.59, -4947.08, -6153.38, -11884.7, 
        -12827.2, -3484.71, -5987.49, -9371.74, -3554.33, -11779.4
        ), color = c(2, 2, 2, 2, 2, 2, 2, 2, 2, 2, 2, 2, 2, 2, 
        2, 2, 2, 2, 2, 2, 2, 4, 4, 4, 4, 4, 4, 4, 4, 4, 4, 4, 
        4, 4, 4, 4, 4, 4, 4, 4, 4, 4, 4, 0, 0, 0, 0, 0, 0, 0, 
        0, 0, 0, 0, 0, 0, 0, 0, 0, 0, 0, 0, 0, 0, 0, 0, 0, 0, 
        0, 0, 0, 0, 0, 0), glyphtype = c(6, 6, 6, 6, 6, 6, 6, 
        6, 6, 6, 6, 6, 6, 6, 6, 6, 6, 6, 6, 6, 6, 6, 6, 6, 6, 
        6, 6, 6, 6, 6, 6, 6, 6, 6, 6, 6, 6, 6, 6, 6, 6, 6, 6, 
        6, 6, 6, 6, 6, 6, 6, 6, 6, 6, 6, 6, 6, 6, 6, 6, 6, 6, 
        6, 6, 6, 6, 6, 6, 6, 6, 6, 6, 6, 6, 6), glyphsize = c(1, 
        1, 1, 1, 1, 1, 1, 1, 1, 1, 1, 1, 1, 1, 1, 1, 1, 1, 1, 
        1, 1, 1, 1, 1, 1, 1, 1, 1, 1, 1, 1, 1, 1, 1, 1, 1, 1, 
        1, 1, 1, 1, 1, 1, 1, 1, 1, 1, 1, 1, 1, 1, 1, 1, 1, 1, 
        1, 1, 1, 1, 1, 1, 1, 1, 1, 1, 1, 1, 1, 1, 1, 1, 1, 1, 
        1), hidden = c(0, 0, 0, 0, 0, 0, 0, 0, 0, 0, 0, 0, 0, 
        0, 0, 0, 0, 0, 0, 0, 0, 0, 0, 0, 0, 0, 0, 0, 0, 0, 0, 
        0, 0, 0, 0, 0, 0, 0, 0, 0, 0, 0, 0, 0, 0, 0, 0, 0, 0, 
        0, 0, 0, 0, 0, 0, 0, 0, 0, 0, 0, 0, 0, 0, 0, 0, 0, 0, 
        0, 0, 0, 0, 0, 0, 0)), .Names = c("index", "x", "y", 
        "color", "glyphtype", "glyphsize", "hidden")), tour1dparams = structure(list(
            F = c(0.648, -0.024, -0.333, -0.346, -0.166, -0.567
            ), labels = c("tars1", "tars2", "head", "aede1", 
            "aede2", "aede3"), ranges = list(c(122, 242), c(107, 
            146), c(43, 58), c(116, 157), c(8, 16), c(55, 123
            ))), .Names = c("F", "labels", "ranges"))), .Names = c("type", 
    "projection", "scale", "tformLims", "planarLims", "points", 
    "tour1dparams"))), showMissing = 1, showPoints = 1, showDirectedEdges = 0, 
    showUndirectedEdges = 0, showArrowheads = 0), .Names = c("colormap", 
"title", "type", "nplots", "plots", "showMissing", "showPoints", 
"showDirectedEdges", "showUndirectedEdges", "showArrowheads"))
